{
  "advancedEditorSelectedIdentifier" : "ProjectBrowser",
  "openSceneRelativePaths" : [
    "Immersive.usda",
    "hands.usda"
  ],
  "recentIdentifiers" : {
    "1D572CEB-057A-41C3-B575-04C37501A3C0" : [

    ],
    "362ABFED-B01D-4467-84B0-77A607683F4F" : [

    ]
  },
  "sceneCameraHistory" : {
    "1D572CEB-057A-41C3-B575-04C37501A3C0" : [
      {
        "date" : 731745633.16177,
        "title" : "Untitled",
        "transform" : [
          0.99998593,
          -7.9525275e-11,
          0.0053203776,
          0,
          0.0053077536,
          0.06884693,
          -0.9976131,
          0,
          -0.00036629173,
          0.99762726,
          0.06884595,
          0,
          -0.0011945069,
          3.2533753,
          0.2245143,
          1
        ]
      },
      {
        "date" : 731745537.803955,
        "title" : "Untitled",
        "transform" : [
          0.99998593,
          -7.9525275e-11,
          0.0053203776,
          0,
          0.005307754,
          0.06884694,
          -0.9976132,
          0,
          -0.00036629173,
          0.99762726,
          0.06884595,
          0,
          -0.0011945182,
          3.2533753,
          0.2245143,
          1
        ]
      },
      {
        "date" : 731745524.361462,
        "title" : "Untitled",
        "transform" : [
          1,
          0,
          0,
          0,
          0,
          0.7071069,
          -0.70710677,
          0,
          0,
          0.70710677,
          0.7071069,
          0,
          0,
          2.3059552,
          2.3059554,
          1
        ]
      },
      {
        "date" : 717141193.436331,
        "title" : "Untitled",
        "transform" : [
          0.9669019,
          -1.1475549e-09,
          -0.25514868,
          0,
          -0.11605987,
          0.89055705,
          -0.43981624,
          0,
          0.22722436,
          0.45487162,
          0.8610812,
          0,
          0.6303334,
          0.47269738,
          2.5715523,
          1
        ]
      },
      {
        "date" : 717141191.453446,
        "title" : "Untitled",
        "transform" : [
          0.9669019,
          -1.1475549e-09,
          -0.25514868,
          0,
          -0.11605987,
          0.89055705,
          -0.43981624,
          0,
          0.22722436,
          0.45487162,
          0.8610812,
          0,
          1.0441325,
          1.0988723,
          2.131577,
          1
        ]
      },
      {
        "date" : 717141189.453451,
        "title" : "Untitled",
        "transform" : [
          0.9669019,
          -1.1475549e-09,
          -0.25514868,
          0,
          -0.11605987,
          0.89055705,
          -0.43981624,
          0,
          0.22722436,
          0.45487162,
          0.8610812,
          0,
          0.56494564,
          0.49143562,
          2.5789084,
          1
        ]
      },
      {
        "date" : 717141187.619661,
        "title" : "Untitled",
        "transform" : [
          0.9669019,
          -1.1475549e-09,
          -0.25514868,
          0,
          -0.11605987,
          0.89055705,
          -0.43981624,
          0,
          0.22722436,
          0.45487162,
          0.8610812,
          0,
          0.35480577,
          0.19439682,
          2.7912734,
          1
        ]
      },
      {
        "date" : 717141184.820128,
        "title" : "Untitled",
        "transform" : [
          0.9669019,
          -1.1475549e-09,
          -0.25514868,
          0,
          -0.11605987,
          0.89055705,
          -0.43981624,
          0,
          0.22722436,
          0.45487162,
          0.8610812,
          0,
          0.25387305,
          0.16966426,
          2.830973,
          1
        ]
      },
      {
        "date" : 717141179.520176,
        "title" : "Untitled",
        "transform" : [
          0.9669019,
          -1.1475549e-09,
          -0.25514868,
          0,
          -0.11605987,
          0.89055705,
          -0.43981624,
          0,
          0.22722436,
          0.45487162,
          0.8610812,
          0,
          -0.013033763,
          0.11937691,
          2.9279695,
          1
        ]
      },
      {
        "date" : 717141170.09002,
        "title" : "Untitled",
        "transform" : [
          0.9655969,
          -1.1475549e-09,
          -0.26004362,
          0,
          -0.11828644,
          0.89055705,
          -0.43922263,
          0,
          0.23158363,
          0.45487168,
          0.85991913,
          0,
          0.4682504,
          0.9856466,
          1.9987218,
          1
        ]
      }
    ],
    "362ABFED-B01D-4467-84B0-77A607683F4F" : [
      {
        "date" : 731745866.471236,
        "title" : "Untitled",
        "transform" : [
          1,
          -2.9409634e-13,
          3.4660603e-05,
          0,
          3.4228786e-05,
          0.15735856,
          -0.98754156,
          0,
          -5.4541424e-06,
          0.98754156,
          0.15735856,
          0,
          0.2088977,
          5.5854597,
          0.0984745,
          1
        ]
      },
      {
        "date" : 731739734.430878,
        "title" : "Untitled",
        "transform" : [
          1,
          0,
          -0,
          0,
          -0,
          0.86516255,
          -0.5014915,
          0,
          0,
          0.5014915,
          0.86516255,
          0,
          0.20889938,
          3.4889872,
          4.411958,
          1
        ]
      }
    ],
    "D66134B1-3681-4A8E-AFE5-29F257229F3B" : [
      {
        "date" : 716106031.420817,
        "title" : "Untitled",
        "transform" : [
          1,
          0,
          0,
          0,
          0,
          0.8660253,
          -0.5000001,
          0,
          0,
          0.5000001,
          0.8660253,
          0,
          0,
          0.46248695,
          0.8010509,
          1
        ]
      }
    ]
  },
  "selectedSceneRelativePath" : "hands.usda"
}